0 0.18389322916666664 0.47010152284263956 0.36777343749999997 0.5552453468697123
0 0.33868489583333333 0.45795262267343484 0.26046874999999997 0.4202030456852792
0 0.4351041666666667 0.48710659898477154 0.21182291666666667 0.33392554991539763
0 0.5126953125 0.484517766497462 0.14919270833333334 0.28876480541455163
0 0.6195442708333333 0.42725888324873096 0.2303125 0.32499153976311335
1 0.25266927083333335 0.5412859560067681 0.022135416666666668 0.26429780033840944
3 0.30311197916666666 0.5228595600676819 0.03567708333333333 0.20407783417935701
3 0.3963411458333333 0.5106429780033841 0.0243359375 0.18299492385786803
1 0.4235546875 0.5430456852791878 0.011966145833333332 0.15764805414551608
1 0.47644531250000005 0.5547884940778341 0.0252734375 0.16446700507614215
3 0.5072135416666667 0.5365143824027072 0.017447916666666667 0.13125211505922166
3 0.5542057291666667 0.5144500846023689 0.021523437500000003 0.1238409475465313