0 0.26924848484848485 0.4693624772313297 0.38547878787878787 0.5438433515482696
0 0.7312363636363636 0.4480145719489982 0.5375151515151515 0.5865391621129326
1 0.6527999999999999 0.6604371584699453 0.0527030303030303 0.10500910746812386
3 0.7581454545454546 0.6381420765027322 0.03229090909090909 0.08557377049180327
3 0.6228848484848485 0.5187978142076503 0.019672727272727272 0.09100182149362478
3 0.6502424242424243 0.5040983606557377 0.02583030303030303 0.10438979963570127
3 0.6832121212121212 0.5178870673952641 0.014715151515151516 0.07910746812386156
3 0.5482424242424243 0.47996357012750457 0.03192727272727273 0.08632058287795993
3 0.5466060606060605 0.6294535519125682 0.024545454545454544 0.09839708561020037
3 0.47509090909090906 0.6317304189435337 0.03056969696969697 0.10296903460837888
3 0.4742909090909091 0.4812750455373407 0.030642424242424245 0.08140255009107468
3 0.25296969696969696 0.4003096539162113 0.08204848484848484 0.1107103825136612
3 0.3378424242424243 0.624408014571949 0.08431515151515152 0.1336247723132969
3 0.16881212121212122 0.6306557377049181 0.08288484848484848 0.14859744990892532