0 0.4754269005847953 0.5002824858757061 0.7888654970760234 0.7114124293785311
3 0.70353216374269 0.440075329566855 0.03554385964912281 0.07760828625235405
3 0.7448888888888889 0.5283050847457627 0.055836257309941524 0.07429378531073447
3 0.663204678362573 0.7120527306967985 0.0631812865497076 0.10909604519774012
3 0.32287719298245615 0.4274011299435028 0.07738011695906433 0.10054613935969868
3 0.5847368421052631 0.43617702448210927 0.02623391812865497 0.08054613935969869
3 0.32294736842105265 0.7058945386064029 0.07419883040935672 0.12629001883239171
3 0.18697076023391815 0.43263653483992465 0.02050292397660819 0.12175141242937854
3 0.14175438596491227 0.7230131826741997 0.02005847953216374 0.10419962335216572
3 0.14095906432748537 0.4530696798493409 0.020128654970760235 0.0955367231638418
1 0.4273450292397661 0.7395103578154426 0.03334502923976608 0.16250470809792844
1 0.4260584795321637 0.44141242937853103 0.030783625730994153 0.1303578154425612