0 0.46587360594795535 0.5225354609929078 0.9317472118959107 0.7577659574468085
1 0.5014869888475836 0.6259574468085106 0.09251548946716233 0.12320921985815601
3 0.7914993804213135 0.3503191489361702 0.03268897149938042 0.0973758865248227
3 0.8514002478314746 0.3509751773049645 0.039851301115241634 0.10191489361702127
3 0.2132094175960347 0.34650709219858156 0.034163568773234204 0.09620567375886524
3 0.15187112763320942 0.3503191489361702 0.04215613382899629 0.0973758865248227
3 0.38930607187112765 0.5750531914893616 0.02811648079306072 0.13421985815602838
3 0.6156133828996283 0.5707978723404256 0.030136307311028503 0.11927304964539007
3 0.4984634448574969 0.5237765957446809 0.08422552664188351 0.0551241134751773
3 0.8562205700123916 0.7418439716312056 0.04251548946716233 0.06134751773049646
2 0.502912019826518 0.8484397163120567 0.3026517967781908 0.2522695035460993
3 0.011685254027261461 0.48127659574468085 0.019281288723667907 0.042765957446808514
3 0.010755885997521685 0.5829609929078015 0.019368029739776953 0.04890070921985815
3 0.07821561338289963 0.5014716312056737 0.02033457249070632 0.055372340425531914