0 0.20774545454545454 0.4518032786885246 0.4154909090909091 0.9036247723132969
0 0.5209939393939393 0.4709289617486339 0.3343151515151515 0.679799635701275
0 0.8223757575757576 0.5302367941712205 0.35526060606060605 0.5069945355191257
1 0.1420969696969697 0.6491621129326047 0.09443636363636364 0.2149544626593807
1 0.4231757575757576 0.6446630236794172 0.035115151515151516 0.20593806921675775
3 0.5500969696969696 0.6491074681238616 0.03770909090909091 0.11877959927140254
3 0.19464242424242426 0.3395810564663024 0.06949090909090909 0.07269581056466302
3 0.4759757575757576 0.39083788706739525 0.04372121212121212 0.07253187613843351
3 0.6664969696969697 0.4227504553734062 0.01926060606060606 0.05686703096539162
3 0.768569696969697 0.4530054644808743 0.02947878787878788 0.044517304189435336
3 0.8486545454545454 0.4630783242258652 0.01553939393939394 0.05142076502732241
3 0.946121212121212 0.4936429872495446 0.02094545454545455 0.026429872495446264
3 0.26012121212121214 0.6612568306010929 0.04770909090909091 0.11326047358834244