0 0.515719298245614 0.43519774011299434 0.7921169590643274 0.6077401129943503
1 0.45295906432748534 0.6221468926553673 0.04967251461988304 0.12225988700564971
1 0.5250292397660818 0.6193032015065913 0.03784795321637427 0.13048964218455744
3 0.3778947368421053 0.6141619585687382 0.06589473684210527 0.09512241054613936
3 0.24348538011695908 0.6203201506591337 0.027555555555555555 0.08789077212806026
3 0.5229824561403509 0.22493408662900188 0.03721637426900585 0.03934086629001883
3 0.5246432748538011 0.16856873822975518 0.03706432748538012 0.03542372881355932
3 0.4164093567251462 0.24015065913370998 0.025099415204678364 0.06977401129943503
3 0.565953216374269 0.3706967984934087 0.034771929824561405 0.08252354048964218
3 0.6731578947368421 0.32649717514124293 0.0724093567251462 0.12527306967984933
3 0.8095438596491228 0.34393596986817326 0.02805847953216374 0.1183050847457627
3 0.8176140350877192 0.5907156308851225 0.018210526315789476 0.10401129943502824
3 0.8466783625730994 0.6139736346516007 0.01049122807017544 0.07521657250470809
3 0.7030058479532164 0.5872128060263654 0.08360233918128655 0.11097928436911488
3 0.5820233918128654 0.5835404896421846 0.03571929824561403 0.07015065913370998
3 0.3403625730994152 0.39858757062146893 0.013368421052631578 0.054613935969868174
3 0.3765964912280702 0.3949152542372881 0.016514619883040933 0.06958568738229756
1 0.4547719298245614 0.3987193973634652 0.025567251461988304 0.10508474576271186