0 0.5 0.5 1 1
1 0.31834444444444443 0.7802380952380953 0.06055555555555556 0.3067460317460317
1 0.6717777777777778 0.4151984126984127 0.048911111111111114 0.19837301587301587
1 0.673 0.7754365079365079 0.05321111111111111 0.24422619047619049
3 0.2957444444444445 0.37162698412698414 0.02832222222222222 0.11123015873015873
3 0.3350888888888889 0.33932539682539686 0.042211111111111116 0.14581349206349206
3 0.3696888888888889 0.33382936507936506 0.0151 0.14476190476190476
3 0.5084777777777778 0.3618452380952381 0.05565555555555556 0.2239484126984127
3 0.6144111111111111 0.39761904761904765 0.03233333333333333 0.14339285714285713
3 0.5084777777777778 0.7262301587301587 0.05565555555555556 0.16234126984126981
3 0.6131555555555556 0.7278769841269842 0.029811111111111108 0.15904761904761905
3 0.9224777777777778 0.46861111111111114 0.0229 0.0906547619047619
3 0.7337 0.439781746031746 0.060700000000000004 0.12140873015873016
3 0.8097222222222222 0.4236111111111111 0.03018888888888889 0.11202380952380953