0 0.4714074074074074 0.49069629629629635 0.7877333333333334 0.7981037037037038
1 0.48173333333333335 0.478962962962963 0.09813333333333332 0.16887407407407407
1 0.490562962962963 0.7074814814814815 0.12042962962962964 0.2142074074074074
3 0.34474074074074074 0.4373925925925926 0.06934814814814814 0.08805925925925925
3 0.23256296296296294 0.43454814814814813 0.06241481481481482 0.09162962962962963
3 0.19318518518518518 0.6993925925925926 0.07388148148148148 0.09164444444444445
3 0.3252888888888889 0.7114370370370371 0.07671111111111112 0.09488888888888888
3 0.6418962962962963 0.4339703703703704 0.03220740740740741 0.09278518518518519
3 0.7074518518518518 0.4242518518518519 0.031466666666666664 0.0849037037037037
3 0.7779999999999999 0.4132148148148148 0.029155555555555556 0.08597037037037038
3 0.8311999999999999 0.40559999999999996 0.038400000000000004 0.0822962962962963
3 0.6466814814814814 0.714962962962963 0.028948148148148146 0.10677037037037036
3 0.7076148148148148 0.6871555555555555 0.024844444444444443 0.09721481481481482
3 0.7855111111111112 0.6613925925925926 0.03724444444444445 0.09197037037037037
3 0.8372444444444445 0.6460592592592592 0.03891851851851852 0.08903703703703704