0 0.45462059620596207 0.5299837398373983 0.6550948509485095 0.7255284552845528
1 0.5683333333333334 0.7747642276422765 0.022710027100271004 0.09510569105691057
1 0.5720325203252032 0.5843414634146341 0.023428184281842818 0.12858536585365854
1 0.5471273712737127 0.38167479674796745 0.03678861788617886 0.06027642276422764
3 0.3914634146341463 0.33203252032520325 0.05654471544715447 0.14252032520325203
3 0.29284552845528455 0.3339837398373984 0.05533875338753388 0.14107317073170733
3 0.2942140921409214 0.5498536585365854 0.04247967479674797 0.08097560975609755
3 0.39338753387533876 0.5544715447154471 0.042574525745257455 0.07902439024390244
3 0.39384823848238487 0.759691056910569 0.045704607046070454 0.08635772357723577
3 0.29584010840108405 0.7618211382113821 0.041260162601626016 0.0772520325203252
3 0.22937669376693767 0.5626016260162602 0.026382113821138208 0.07975609756097561
3 0.22795392953929539 0.7575121951219512 0.019092140921409213 0.07130081300813008
3 0.15586720867208673 0.7405040650406505 0.017479674796747967 0.06401626016260162
3 0.15405149051490516 0.5866016260162602 0.027208672086720866 0.06092682926829268
3 0.22789972899728997 0.3695284552845528 0.021219512195121953 0.06513821138211383
3 0.5787127371273713 0.3752357723577236 0.018157181571815718 0.058569105691056916