0 0.8542181818181819 0.5083970856102004 0.29156363636363636 0.32570127504553736
0 0.43784242424242426 0.5197996357012751 0.540169696969697 0.30602914389799635
0 0.09031515151515151 0.5100364298724954 0.18061818181818182 0.23837887067395264
3 0.05283636363636364 0.4967213114754098 0.04591515151515152 0.07599271402550091
3 0.29527272727272724 0.49969034608378865 0.05412121212121212 0.07466302367941713
3 0.5046060606060606 0.5068306010928961 0.0702060606060606 0.08896174863387979
3 0.9161575757575758 0.511785063752277 0.09781818181818182 0.11096539162112933
1 0.7597818181818182 0.5365209471766849 0.06364848484848484 0.23302367941712204
1 0.6191030303030303 0.5405282331511839 0.06248484848484848 0.2337887067395264
1 0.20535757575757574 0.5349180327868853 0.04015757575757576 0.19837887067395263
1 0.12263030303030303 0.5226047358834245 0.03575757575757576 0.1810018214936248