0 0.43415441176470587 0.447963963963964 0.8683088235294117 0.8959459459459459
1 0.4949877450980392 0.749027027027027 0.05392156862745098 0.18070270270270272
1 0.614546568627451 0.44992792792792796 0.04571078431372549 0.13286486486486485
1 0.255625 0.4491891891891892 0.03642156862745098 0.09863063063063063
3 0.16604166666666667 0.46169369369369373 0.05556372549019608 0.13018018018018018
3 0.4525 0.41225225225225226 0.12269607843137255 0.20821621621621622
3 0.6127205882352942 0.3568108108108108 0.05542892156862745 0.04818018018018018
3 0.7226593137254903 0.3664864864864865 0.027977941176470587 0.06753153153153152
3 0.807328431372549 0.6840540540540541 0.03485294117647059 0.06057657657657657
3 0.7133946078431372 0.7053333333333333 0.06068627450980393 0.0834954954954955
3 0.4551838235294118 0.6291171171171172 0.12137254901960785 0.042432432432432436
3 0.4145343137254902 0.696036036036036 0.04674019607843137 0.11401801801801802