0 0.5 0.4970103092783505 1 0.9061683848797251
1 0.7450128205128206 0.692594501718213 0.09141025641025641 0.1484364261168385
3 0.6673589743589743 0.6471993127147767 0.029371794871794872 0.1324398625429553
3 0.6282307692307693 0.365893470790378 0.018871794871794873 0.09321305841924399
3 0.6586538461538461 0.3806357388316151 0.015974358974358976 0.08798969072164949
3 0.42544871794871797 0.39494845360824743 0.047692307692307694 0.12730240549828178
3 0.47843589743589743 0.6555841924398625 0.09387179487179487 0.12781786941580756
3 0.3283589743589744 0.6588487972508591 0.060743589743589746 0.12369415807560137
3 0.22615384615384615 0.6665635738831615 0.0496025641025641 0.09371134020618556
3 0.36355128205128207 0.40642611683848795 0.03746153846153846 0.12621993127147765
3 0.29235897435897434 0.43056701030927835 0.038551282051282054 0.12644329896907217
3 0.31816666666666665 0.28027491408934707 0.09017948717948718 0.08487972508591066