0 0.18607981220657277 0.4747191011235955 0.15806338028169012 0.19715355805243445
0 0.19571596244131456 0.36271535580524344 0.17039906103286387 0.18679775280898878
0 0.3154342723004695 0.40035580524344566 0.20287558685446008 0.2149063670411985
0 0.5522887323943662 0.5070224719101124 0.13226525821596244 0.20073033707865168
0 0.7937323943661971 0.5866666666666667 0.14734741784037558 0.10196629213483147
0 0.7854225352112676 0.6488951310861423 0.11335680751173709 0.09602996254681648
0 0.6491549295774648 0.5888764044943819 0.08080985915492957 0.06477528089887641
0 0.6653169014084507 0.5198314606741573 0.08009389671361501 0.07930711610486892
0 0.38316901408450704 0.6266479400749063 0.35051643192488263 0.40668539325842695
3 0.32799295774647885 0.42404494382022473 0.048368544600938965 0.07926966292134831
3 0.30113849765258216 0.604119850187266 0.061819248826291084 0.08593632958801498
3 0.5045892018779343 0.7238951310861423 0.02132629107981221 0.07232209737827715
3 0.4090140845070423 0.7486142322097378 0.033157276995305164 0.08297752808988765
3 0.5473356807511737 0.4945131086142322 0.0265962441314554 0.04786516853932584