0 0.8943 0.6550198412698413 0.1627222222222222 0.17898809523809522
3 0.8593 0.7010119047619048 0.01831111111111111 0.08442460317460317
3 0.8849111111111111 0.7016666666666667 0.01888888888888889 0.08571428571428572
3 0.9342666666666667 0.6896626984126983 0.019455555555555556 0.053214285714285714
0 0.3557666666666667 0.3832936507936508 0.6392111111111111 0.514702380952381
3 0.22773333333333334 0.4931349206349206 0.05367777777777778 0.1413095238095238
3 0.3086333333333333 0.4994642857142857 0.04123333333333333 0.14212301587301587
3 0.3788888888888889 0.3420238095238095 0.027422222222222223 0.08803571428571429
1 0.38439999999999996 0.4994642857142857 0.028477777777777775 0.14212301587301587
3 0.4183777777777778 0.49353174603174604 0.028399999999999998 0.12434523809523809
3 0.47215555555555555 0.485734126984127 0.04302222222222222 0.1265079365079365
3 0.5209666666666667 0.4825595238095238 0.017833333333333333 0.0816468253968254