0 0.5419148936170213 0.39977653631284915 0.9161702127659574 0.6687895716945996
3 0.6150827423167848 0.3641154562383613 0.07547281323877068 0.05698324022346369
3 0.7104609929078014 0.363463687150838 0.06868794326241134 0.058268156424581004
3 0.8018321513002364 0.36288640595903165 0.06846335697399528 0.057094972067039104
3 0.9415130023640662 0.5499255121042831 0.0174822695035461 0.09443202979515829
3 0.9838652482269504 0.5506145251396648 0.019609929078014184 0.09072625698324022
3 0.8073877068557919 0.6047113594040968 0.04880614657210402 0.17849162011173184
3 0.739869976359338 0.6070763500931099 0.05139479905437352 0.180707635009311
3 0.6723049645390071 0.6077839851024208 0.055520094562647754 0.1769832402234637
3 0.6004373522458629 0.6094599627560521 0.06236406619385342 0.1829050279329609
3 0.5147990543735225 0.622607076350093 0.03197399527186761 0.21687150837988825
3 0.48141843971631204 0.4522160148975792 0.10020094562647754 0.08243947858472998
1 0.4594562647754137 0.624413407821229 0.05730496453900709 0.2179143389199255
3 0.3260520094562647 0.3295903165735568 0.09005910165484633 0.3348975791433892
3 0.22989361702127661 0.27778398510242086 0.03215130023640662 0.08843575418994414
3 0.18254137115839245 0.27843575418994415 0.02971631205673759 0.08716945996275606
3 0.18113475177304966 0.5910428305400373 0.04134751773049645 0.08553072625698324
3 0.2340898345153664 0.5910428305400373 0.034054373522458624 0.0924953445065177