0 0.4738777777777778 0.5009523809523809 0.792011111111111 0.8030952380952381
3 0.7677999999999999 0.45944444444444443 0.040766666666666666 0.14119047619047617
3 0.7704 0.7351984126984127 0.038344444444444445 0.1355357142857143
3 0.5481111111111111 0.4498611111111111 0.044311111111111114 0.13563492063492064
3 0.4399777777777778 0.45111111111111113 0.03504444444444444 0.13811507936507936
3 0.3695222222222222 0.4509722222222222 0.026544444444444443 0.14329365079365078
3 0.5494 0.7361309523809524 0.02098888888888889 0.12378968253968255
3 0.4403222222222222 0.7140277777777778 0.03573333333333333 0.10132936507936507
3 0.3695222222222222 0.7095238095238096 0.026544444444444443 0.10045634920634922
3 0.21446666666666667 0.7171825396825396 0.01781111111111111 0.12121031746031746
3 0.2160222222222222 0.42875 0.013311111111111112 0.11513888888888889
3 0.15015555555555554 0.45283730158730157 0.039877777777777776 0.13613095238095238
3 0.14794444444444446 0.7361904761904763 0.041544444444444446 0.13749999999999998
1 0.592 0.4538888888888889 0.02937777777777778 0.11996031746031746
1 0.5856888888888889 0.7582539682539683 0.04648888888888889 0.19194444444444445