0 0.8950965250965252 0.36317869415807563 0.20979407979407977 0.34948453608247426
0 0.80003861003861 0.3438144329896907 0.21369369369369368 0.30810996563573884
0 0.6873487773487774 0.3363058419243986 0.12633204633204634 0.19694158075601376
0 0.24736164736164734 0.3285567010309278 0.4947361647361648 0.5553264604810997
1 0.22037323037323037 0.4757560137457044 0.09050193050193049 0.1954295532646048
1 0.8935392535392535 0.40919243986254294 0.034684684684684684 0.13888316151202748
1 0.7785971685971687 0.39733676975945015 0.024105534105534107 0.09403780068728522
3 0.6704375804375804 0.3604982817869416 0.022574002574002574 0.041512027491408934
3 0.35453024453024456 0.44309278350515463 0.06900900900900901 0.1493298969072165
3 0.43971685971685975 0.4440549828178694 0.04043758043758044 0.13917525773195877
3 0.08113256113256113 0.4368556701030928 0.08967824967824968 0.17005154639175257