0 0.4872089947089947 0.4935333333333333 0.46556878306878313 0.6598333333333333
3 0.46066137566137566 0.3372833333333333 0.03440476190476191 0.07886666666666667
3 0.49584656084656087 0.33645 0.03432539682539682 0.0707
3 0.416494708994709 0.4375666666666667 0.01652116402116402 0.06721666666666666
3 0.4547222222222222 0.4337166666666667 0.043161375661375664 0.07685
3 0.507526455026455 0.43278333333333335 0.04220899470899471 0.07281666666666667
3 0.5401322751322751 0.44336666666666663 0.012923280423280423 0.039850000000000003
3 0.4027380952380953 0.5303 0.061203703703703705 0.06865
3 0.4581216931216931 0.5278 0.03792328042328043 0.0658
3 0.5028439153439153 0.5286833333333333 0.045343915343915346 0.06993333333333333
3 0.554510582010582 0.5257833333333334 0.04510582010582011 0.06393333333333333
3 0.3698148148148148 0.6835666666666667 0.03488095238095238 0.10451666666666667
3 0.4155952380952381 0.6841999999999999 0.03706349206349206 0.0993
3 0.5538492063492063 0.6739166666666667 0.038624338624338624 0.09821666666666666
3 0.5985185185185186 0.6741666666666667 0.035171957671957674 0.08788333333333333
1 0.48058201058201055 0.7051666666666667 0.03986772486772487 0.14986666666666668