0 0.5512333333333334 0.47160714285714284 0.8207888888888889 0.8105357142857142
3 0.30676666666666663 0.3703968253968254 0.03372222222222222 0.07238095238095238
3 0.3813888888888889 0.3628769841269841 0.047766666666666666 0.05736111111111111
3 0.3577333333333333 0.6680357142857143 0.1338 0.06910714285714285
3 0.3595 0.7615873015873016 0.13362222222222223 0.07434523809523809
3 0.7104555555555555 0.7137103174603174 0.1522 0.13402777777777777
3 0.6898333333333334 0.38571428571428573 0.148 0.18898809523809523
3 0.7702666666666667 0.39240079365079367 0.029222222222222222 0.1395436507936508
3 0.8980333333333334 0.7114484126984126 0.03291111111111111 0.12950396825396823
1 0.4639222222222222 0.4010515873015873 0.0258 0.14029761904761903
1 0.4717444444444444 0.7303174603174603 0.030344444444444445 0.19698412698412698
3 0.5751111111111111 0.18712301587301589 0.022255555555555556 0.033234126984126984
3 0.5786444444444444 0.341468253968254 0.02191111111111111 0.031071428571428573
3 0.5773888888888888 0.5019642857142858 0.022755555555555557 0.03460317460317461
3 0.5761222222222222 0.6517261904761905 0.02191111111111111 0.029603174603174603
3 0.5769222222222222 0.8137301587301587 0.020311111111111113 0.033134920634920635