0 0.47934256055363317 0.3805523809523809 0.6797347174163784 0.7067428571428572
3 0.24192618223760093 0.3126666666666667 0.0333679354094579 0.11619047619047619
3 0.24525951557093423 0.5385714285714286 0.035317185697808534 0.12441904761904761
3 0.35399077277970015 0.2995619047619048 0.03472895040369089 0.06651428571428572
1 0.36641291810841986 0.5731238095238095 0.06589388696655132 0.1596190476190476
1 0.4808189158016148 0.5752571428571428 0.09561707035755479 0.1482285714285714
3 0.6754440599769319 0.5699238095238095 0.04245674740484429 0.13756190476190475
3 0.745674740484429 0.36217142857142853 0.015455594002306805 0.1238857142857143
3 0.7719953863898501 0.3838095238095238 0.015951557093425606 0.10194285714285715
3 0.752791234140715 0.569504761904762 0.017035755478662054 0.12891428571428573
3 0.7777854671280278 0.5693904761904762 0.010138408304498268 0.1077904761904762