0 0.47812865497076024 0.6033709981167608 0.8118128654970761 0.7104331450094162
3 0.7343859649122807 0.6141242937853107 0.06894736842105263 0.10419962335216572
3 0.3388654970760234 0.5984369114877589 0.07323976608187134 0.10419962335216572
3 0.22080701754385965 0.6159887005649717 0.02229239766081871 0.12045197740112995
3 0.2994853801169591 0.8325800376647835 0.03150877192982456 0.12365348399246703
3 0.4069122807017544 0.8296610169491526 0.08066666666666666 0.12094161958568737
3 0.48323976608187136 0.8211676082862523 0.03254970760233918 0.1008286252354049
3 0.689906432748538 0.8070621468926554 0.02678362573099415 0.06632768361581921
3 0.2116374269005848 0.8347269303201507 0.01760233918128655 0.12792843691148778
1 0.646140350877193 0.8196798493408662 0.03989473684210526 0.10097928436911487
1 0.5419415204678363 0.6055743879472693 0.042736842105263156 0.08708097928436911
3 0.5775087719298245 0.6035028248587571 0.030070175438596494 0.07981167608286253
3 0.4822690058479532 0.37156308851224107 0.015017543859649122 0.030244821092278718
3 0.5176608187134503 0.37227871939736346 0.016865497076023393 0.028832391713747647