0 0.20937086092715232 0.5476846307385229 0.41873068432671084 0.3510179640718563
0 0.5555629139072847 0.5730738522954092 0.33897350993377484 0.25193612774451096
0 0.7572185430463576 0.6057684630738523 0.14183222958057395 0.1674451097804391
1 0.6801986754966888 0.6280838323353294 0.025044150110375276 0.10359281437125749
1 0.7100993377483444 0.6369461077844312 0.012560706401766005 0.07455089820359281
1 0.5003090507726269 0.6292215568862276 0.031876379690949225 0.12574850299401197
1 0.35541942604856513 0.6220958083832335 0.03625827814569536 0.14890219560878243
1 0.06565121412803532 0.6231736526946108 0.05075055187637969 0.16560878243512975
3 0.7744370860927152 0.6241317365269461 0.03088300220750552 0.04922155688622754
3 0.6284657836644592 0.6113373253493013 0.047373068432671084 0.0725748502994012
3 0.5665121412803532 0.6100199600798403 0.05198675496688742 0.0797005988023952
3 0.45660044150110374 0.6054491017964072 0.028322295805739514 0.07546906187624751
3 0.27864238410596026 0.5870459081836328 0.07554083885209713 0.09249500998003993
3 0.16845474613686534 0.5886027944111776 0.09055187637969096 0.10049900199600799