0 0.5473429951690821 0.4875956284153005 0.7870289855072463 0.9217850637522769
1 0.4260386473429952 0.7606010928961748 0.06352657004830918 0.21927140255009106
3 0.5283454106280193 0.7255373406193079 0.09246376811594204 0.16899817850637522
3 0.6469685990338165 0.7187613843351549 0.09475845410628018 0.1885792349726776
3 0.29388888888888887 0.727431693989071 0.058345410628019324 0.1562112932604736
3 0.21444444444444444 0.7402914389799636 0.057560386473429946 0.1455191256830601
3 0.8291183574879227 0.2810928961748634 0.06379227053140096 0.1610382513661202
3 0.7719806763285024 0.7126775956284153 0.0263768115942029 0.14659380692167578
3 0.8098067632850241 0.7212568306010929 0.018586956521739133 0.11737704918032786
3 0.3689009661835749 0.43255009107468123 0.0458695652173913 0.1380327868852459
3 0.2554710144927536 0.4462112932604736 0.13520531400966185 0.19799635701275045
3 0.41940821256038646 0.41792349726775957 0.03235507246376811 0.13382513661202186
3 0.4648309178743961 0.3981056466302368 0.04144927536231884 0.15799635701275044
3 0.5292753623188405 0.3832422586520947 0.04067632850241546 0.14524590163934425
3 0.5790579710144927 0.36517304189435335 0.035929951690821256 0.13887067395264116
3 0.6401690821256038 0.3488342440801457 0.06231884057971015 0.14448087431693987
3 0.3845652173913044 0.3153369763205829 0.058490338164251206 0.06469945355191258
3 0.45304347826086955 0.29648451730418945 0.057330917874396134 0.07145719489981785
3 0.5406159420289856 0.26054644808743166 0.07179951690821257 0.06994535519125683
3 0.618840579710145 0.22992714025500913 0.07422705314009662 0.0809471766848816