0 0.49869090909090913 0.4972677595628415 0.7761939393939394 0.7920036429872496
1 0.3568484848484848 0.5395810564663024 0.03241212121212121 0.12608378870673953
3 0.2343757575757576 0.5458834244080145 0.013890909090909093 0.07883424408014572
3 0.2834424242424243 0.5539344262295082 0.017842424242424243 0.09491803278688525
3 0.3775151515151515 0.3265573770491803 0.052 0.09202185792349728
3 0.4073939393939394 0.5434790528233151 0.028448484848484848 0.0985063752276867
3 0.4505454545454545 0.5422404371584699 0.027793939393939395 0.06881602914389799
3 0.6583515151515151 0.5536247723132969 0.048521212121212125 0.08069216757741347
1 0.5861454545454545 0.5481056466302369 0.03815757575757576 0.12138433515482695
3 0.29764848484848483 0.3554462659380692 0.01907878787878788 0.0763023679417122
3 0.7846181818181818 0.5818214936247723 0.04626666666666667 0.15690346083788706