0 0.5062313860252005 0.4658188824662813 0.939725085910653 0.9316570327552987
1 0.47237113402061853 0.3225433526011561 0.052966781214203895 0.15013487475915221
3 0.337651775486827 0.3510019267822736 0.07945017182130584 0.14283236994219653
3 0.42667812142038947 0.3047398843930636 0.024604810996563576 0.1273795761078998
3 0.5166208476517755 0.29350674373795765 0.02693012600229095 0.11774566473988439
3 0.709049255441008 0.32903660886319847 0.09676975945017183 0.16633911368015414
3 0.8454524627720504 0.3505587668593449 0.01831615120274914 0.16121387283236996
3 0.885028636884307 0.36901734104046247 0.0172737686139748 0.15639691714836224
3 0.6379381443298968 0.6754913294797688 0.10537227949599083 0.1913102119460501
3 0.819942726231386 0.6760115606936417 0.020756013745704467 0.16984585741811176
3 0.8964375715922108 0.6836801541425819 0.015280641466208476 0.1370134874759152
3 0.2074799541809851 0.6796531791907514 0.08640320733104238 0.17714836223506744