0 0.4874666666666667 0.4604553734061931 0.6403515151515151 0.5803460837887068
3 0.22831515151515153 0.4559927140255009 0.01410909090909091 0.07058287795992714
3 0.2781818181818182 0.4321857923497268 0.018460606060606063 0.07714025500910747
3 0.3764969696969697 0.4226047358834244 0.05853333333333333 0.08340619307832423
3 0.47953939393939393 0.4320036429872495 0.041151515151515154 0.07830601092896175
3 0.7083515151515152 0.4062295081967213 0.06370909090909091 0.08291438979963571
3 0.7106666666666666 0.6243533697632058 0.06689696969696969 0.08459016393442623
3 0.38170909090909094 0.6366666666666666 0.05463030303030303 0.08342440801457195
2 0.4834787878787879 0.7283242258652095 0.1464969696969697 0.12688524590163933
2 0.6097090909090909 0.7238251366120219 0.0710060606060606 0.12415300546448087
1 0.4797333333333333 0.6161202185792349 0.08210909090909091 0.1702367941712204