0 0.5047368421052632 0.4885122410546139 0.7493450292397661 0.7925047080979284
1 0.5103742690058479 0.7270244821092279 0.06225730994152046 0.20644067796610172
1 0.503953216374269 0.3556873822975518 0.05461988304093567 0.09713747645951036
3 0.45445614035087717 0.7187193973634651 0.03706432748538012 0.19261770244821091
3 0.5599649122807018 0.7112994350282486 0.024526315789473684 0.19730696798493408
3 0.6513333333333333 0.7109792843691148 0.0339766081871345 0.21062146892655367
3 0.7358479532163742 0.708512241054614 0.036643274853801165 0.2028813559322034
3 0.8159883040935672 0.7160640301318267 0.01497076023391813 0.19286252354048963
3 0.8382456140350878 0.7272881355932204 0.01615204678362573 0.16789077212806028
3 0.8069005847953216 0.40740112994350286 0.01584795321637427 0.18386064030131827
3 0.8341520467836258 0.4506591337099812 0.014900584795321638 0.15314500941619585
3 0.7341169590643274 0.37297551789077216 0.040105263157894734 0.2070809792843691
3 0.6474736842105263 0.37849340866290015 0.04011695906432748 0.19856873822975518
3 0.5598830409356725 0.3504708097928437 0.02783625730994152 0.12022598870056497
3 0.45004678362573103 0.36689265536723165 0.03170760233918129 0.1279472693032015
3 0.32661988304093564 0.4017702448210923 0.0343859649122807 0.16977401129943503
3 0.2564327485380117 0.41532956685499056 0.03612865497076023 0.1857627118644068
3 0.25029239766081873 0.7213935969868174 0.03423391812865497 0.19235404896421845
3 0.32374269005847955 0.7230885122410545 0.03383625730994152 0.20416195856873823