0 0.5056449948400413 0.42170940170940174 0.9886996904024767 0.6651923076923077
3 0.4610526315789474 0.30237179487179483 0.03685242518059856 0.09297008547008546
3 0.3759545923632611 0.31275641025641027 0.06760577915376678 0.10104700854700854
3 0.6235397316821466 0.2480982905982906 0.03816305469556243 0.11782051282051283
3 0.6681011351909184 0.24585470085470085 0.03829721362229102 0.11651709401709402
3 0.7105263157894737 0.25256410256410255 0.035717234262125905 0.12042735042735042
3 0.2401031991744066 0.31903846153846155 0.06739938080495356 0.0913888888888889
3 0.20544891640866875 0.5412393162393163 0.06559339525283799 0.1260897435897436
3 0.6676367389060888 0.5553205128205128 0.1340247678018576 0.17010683760683762
3 0.8451909184726523 0.6268376068376069 0.19306501547987617 0.21467948717948718
1 0.45854489164086687 0.5997649572649573 0.05023735810113519 0.23995726495726494
3 0.8113312693498451 0.31779914529914527 0.049514963880288955 0.10277777777777779