0 0.072636815920398 0.5413297872340426 0.145273631840796 0.34576241134751773
0 0.5467910447761194 0.5032624113475177 0.9064054726368159 0.5676950354609929
1 0.7315298507462686 0.6911879432624113 0.0527363184079602 0.14129432624113475
1 0.4596766169154229 0.7081382978723404 0.050559701492537315 0.14209219858156028
3 0.45856965174129355 0.4123758865248227 0.06088308457711443 0.13398936170212764
3 0.5998009950248756 0.424645390070922 0.04486318407960199 0.1279609929078014
3 0.7266915422885573 0.4346631205673759 0.04128109452736318 0.11487588652482271
3 0.8307089552238806 0.44391843971631206 0.03307213930348259 0.10792553191489361
3 0.8548383084577114 0.6682624113475177 0.05629353233830846 0.08526595744680851
3 0.23314676616915422 0.47478723404255313 0.021094527363184082 0.08556737588652481
3 0.2765671641791045 0.4420212765957447 0.020360696517412936 0.11173758865248228
1 0.6009825870646767 0.7049113475177304 0.049004975124378104 0.1254255319148936
3 0.026455223880597015 0.6601063829787234 0.020398009950248753 0.04226950354609929