0 0.8673333333333333 0.6770309653916211 0.26534545454545455 0.21593806921675773
0 0.4664969696969697 0.5394899817850638 0.6241454545454544 0.6286338797814208
2 0.11481212121212121 0.7787795992714026 0.10538181818181817 0.16970856102003642
3 0.3179757575757576 0.4122040072859745 0.17506666666666668 0.15546448087431694
3 0.3164969696969697 0.6903825136612022 0.17802424242424242 0.15562841530054644
3 0.6527636363636363 0.40945355191256827 0.14972121212121212 0.1529143897996357
3 0.652678787878788 0.6798907103825137 0.15347878787878788 0.1228233151183971
1 0.508569696969697 0.7049726775956283 0.044412121212121215 0.1640983606557377
1 0.5059151515151515 0.47010928961748627 0.04179393939393939 0.11162112932604736
3 0.875890909090909 0.6869034608378871 0.02570909090909091 0.07273224043715847
3 0.9024727272727272 0.6765938069216757 0.01564848484848485 0.0573952641165756