0 0.12975778546712802 0.5663619047619047 0.25951557093425603 0.2070095238095238
0 0.5098500576701269 0.44403809523809523 0.6053402537485583 0.5656380952380952
3 0.4767935409457901 0.6183428571428571 0.015132641291810842 0.11158095238095238
1 0.5095501730103806 0.6224 0.036193771626297576 0.12493333333333334
3 0.47643598615916954 0.40636190476190476 0.014405997693194925 0.10188571428571429
1 0.508800461361015 0.40994285714285716 0.036274509803921565 0.10902857142857143
3 0.6706920415224914 0.3989142857142857 0.024209919261822373 0.10009523809523808
3 0.547762399077278 0.6088761904761906 0.01895040369088812 0.11622857142857143
3 0.3979584775086505 0.4154285714285714 0.04868512110726644 0.11714285714285715
3 0.4173356401384083 0.6004190476190476 0.020046136101499423 0.10455238095238095
3 0.4521453287197232 0.6155428571428572 0.018235294117647058 0.12432380952380952
3 0.30385236447520186 0.41554285714285716 0.023298731257208764 0.08354285714285714
3 0.31366782006920413 0.6157904761904762 0.03974625144175317 0.08811428571428571
3 0.671753171856978 0.6315047619047619 0.029134948096885816 0.14607619047619047
3 0.7314763552479816 0.6312 0.021061130334486738 0.12451428571428572