0 0.49102972399150746 0.4698136645962733 0.6987898089171974 0.9396273291925465
1 0.40781316348195334 0.7808074534161491 0.05464968152866242 0.23610766045548656
3 0.3688110403397028 0.39196687370600414 0.04740976645435244 0.14515527950310558
3 0.3659554140127389 0.7524223602484472 0.025774946921443737 0.22074534161490683
3 0.5339915074309979 0.3616356107660455 0.0805307855626327 0.17761904761904762
3 0.5389702760084926 0.7296894409937889 0.08342887473460722 0.17527950310559007
3 0.6825690021231423 0.3724430641821946 0.014978768577494691 0.17165631469979295
3 0.7319002123142251 0.41118012422360245 0.012802547770700638 0.16631469979296065
3 0.7694585987261147 0.42960662525879917 0.010063694267515924 0.15140786749482402
3 0.6825265392781317 0.7299171842650104 0.016666666666666666 0.16540372670807454
3 0.7323036093418259 0.736583850931677 0.013609341825902337 0.16149068322981366
3 0.7706263269639065 0.7409730848861283 0.01416135881104034 0.14956521739130435