0 0.5203878787878787 0.5696539162112932 0.5336484848484848 0.8606921675774134
1 0.5787757575757576 0.8512932604735883 0.08393939393939394 0.15406193078324226
3 0.44163636363636366 0.8141894353369763 0.05235151515151515 0.07983606557377049
3 0.3794181818181818 0.6525136612021858 0.03063030303030303 0.1368488160291439
3 0.44316363636363637 0.6548451730418944 0.06283636363636363 0.1281056466302368
3 0.5406424242424243 0.6506739526411658 0.03298181818181818 0.12424408014571948
3 0.5789818181818183 0.6477777777777778 0.03075151515151515 0.13409836065573771
3 0.6207636363636364 0.6451912568306011 0.03243636363636364 0.13114754098360656
3 0.5370909090909091 0.4470127504553734 0.03332121212121212 0.13306010928961748
3 0.5389212121212121 0.5470309653916211 0.03101818181818182 0.04892531876138433
3 0.5776 0.4702003642987249 0.029466666666666665 0.07652094717668488
3 0.580739393939394 0.5422404371584699 0.0312969696969697 0.04832422586520947
3 0.6172484848484848 0.5383788706739526 0.028654545454545457 0.054025500910746815
3 0.4268484848484848 0.4277049180327869 0.0332 0.09442622950819672
3 0.46275151515151514 0.4246994535519126 0.029066666666666668 0.08619307832422586
3 0.4286424242424242 0.5061020036429873 0.03231515151515151 0.04539162112932605
3 0.4626181818181819 0.5024954462659381 0.027987878787878787 0.0526047358834244