0 0.497362962962963 0.4538074074074074 0.8365333333333332 0.6312888888888889
1 0.3468888888888889 0.6579407407407407 0.0873037037037037 0.12002962962962963
1 0.4577481481481482 0.6665777777777778 0.0733037037037037 0.11805925925925925
1 0.37962962962962965 0.3403703703703704 0.03493333333333333 0.06220740740740741
3 0.31850370370370373 0.5072444444444444 0.028162962962962966 0.05197037037037037
1 0.3750962962962963 0.5027111111111111 0.033081481481481476 0.050118518518518514
1 0.7111555555555555 0.3574222222222222 0.038844444444444445 0.06743703703703705
1 0.7059555555555556 0.5123851851851852 0.04048888888888889 0.07668148148148148
3 0.3099259259259259 0.34801481481481483 0.05188148148148149 0.05345185185185185
3 0.44305185185185186 0.3308 0.06554074074074075 0.055096296296296296
3 0.2634518518518519 0.5027111111111111 0.03111111111111111 0.050118518518518514
3 0.4363259259259259 0.5009037037037037 0.03525925925925926 0.05371851851851851
3 0.4888 0.5030962962962963 0.01994074074074074 0.0581037037037037
3 0.13837037037037037 0.4271111111111111 0.04075555555555556 0.07451851851851851
3 0.634888888888889 0.3580148148148148 0.04268148148148148 0.06623703703703704
3 0.6382222222222222 0.5152888888888889 0.04694814814814815 0.07525925925925926