0 0.4903461538461539 0.416340206185567 0.6986410256410257 0.7851202749140893
3 0.2378333333333333 0.31300687285223366 0.03198717948717949 0.37848797250859106
3 0.3527948717948718 0.35348797250859104 0.05261538461538461 0.09563573883161511
3 0.37506410256410255 0.5830068728522336 0.02878205128205128 0.09087628865979382
3 0.49812820512820516 0.33670103092783504 0.04073076923076923 0.07872852233676976
3 0.49303846153846154 0.5815635738831616 0.047141025641025645 0.09630584192439862
3 0.7568205128205129 0.5837113402061856 0.05455128205128205 0.08948453608247423
3 0.7600641025641026 0.35108247422680416 0.042410256410256406 0.08527491408934708
1 0.5613717948717949 0.35431271477663234 0.03667948717948718 0.08893470790378007
1 0.6965897435897437 0.3490721649484536 0.03562820512820513 0.1145704467353952
1 0.5578461538461539 0.6037628865979381 0.03997435897435898 0.13517182130584193
1 0.2936410256410256 0.48266323024054986 0.02962820512820513 0.14013745704467354
3 0.20665384615384616 0.3991752577319588 0.015230769230769232 0.06481099656357388
3 0.2115128205128205 0.596701030927835 0.018717948717948716 0.07104810996563574