0 0.48440518256772674 0.43719101123595505 0.9057950530035336 0.6555243445692884
2 0.5539693757361602 0.697378277153558 0.2429210836277974 0.14254681647940076
3 0.4391283863368669 0.4050374531835206 0.09713780918727916 0.1350749063670412
3 0.6045347467608951 0.41797752808988764 0.03910482921083628 0.07887640449438202
1 0.5797526501766784 0.6407116104868914 0.04762073027090695 0.11132958801498127
3 0.5218845700824499 0.6185767790262172 0.025477031802120142 0.06704119850187265
3 0.47704358068315666 0.6192134831460675 0.02129564193168433 0.06574906367041199
3 0.35323910482921084 0.6145505617977528 0.04154299175500589 0.05642322097378277
3 0.266301531213192 0.6119850187265918 0.030624263839811542 0.061554307116104864
3 0.7071495877502945 0.3948314606741573 0.023274440518256775 0.13264044943820225
3 0.8268080094228505 0.47756554307116106 0.015712603062426382 0.0954119850187266