0 0.48447401774397975 0.46546875000000004 0.7359569074778199 0.7758506944444444
3 0.6378453738910013 0.17298611111111112 0.04814955640050697 0.09399305555555555
3 0.6425855513307985 0.42614583333333333 0.05761723700887199 0.09696180555555556
3 0.751787072243346 0.45055555555555554 0.0544233206590621 0.08350694444444445
3 0.742446134347275 0.6794618055555556 0.06794676806083651 0.06656250000000001
3 0.6497718631178707 0.6794618055555556 0.05874524714828897 0.0925
3 0.48711026615969577 0.67875 0.07244613434727502 0.09628472222222223
3 0.34342205323193914 0.6847743055555555 0.022344740177439797 0.08425347222222222
3 0.4852598225602028 0.4228472222222222 0.0744233206590621 0.07998263888888889
3 0.15832699619771864 0.49234374999999997 0.017198986058301648 0.0659375
3 0.19069708491761725 0.4652256944444445 0.021330798479087452 0.06357638888888889
3 0.1678833967046895 0.7000347222222223 0.013574144486692016 0.08435763888888889