0 0.4727760577915377 0.5 0.7957275541795665 1
1 0.3177605779153767 0.4627991452991453 0.03163054695562435 0.09183760683760683
1 0.3166666666666667 0.8008119658119658 0.026006191950464396 0.20871794871794874
3 0.4021981424148607 0.4298717948717949 0.02849329205366357 0.12211538461538461
3 0.4000103199174407 0.75 0.034437564499484 0.1355769230769231
3 0.5096491228070176 0.39175213675213677 0.05593395252837977 0.15626068376068375
3 0.6342724458204334 0.42371794871794877 0.03340557275541795 0.13117521367521368
3 0.6363054695562436 0.7367948717948718 0.034024767801857585 0.11989316239316239
3 0.5211455108359133 0.7348717948717949 0.054829721362229106 0.13025641025641027
3 0.7682249742002064 0.4535042735042735 0.04848297213622291 0.12662393162393162
3 0.7674406604747162 0.7421367521367521 0.04691434468524252 0.1092094017094017
2 0.39269349845201235 0.9265811965811965 0.20384932920536636 0.14685897435897438