0 0.5167111111111111 0.478015873015873 0.9665666666666667 0.6745238095238095
0 0.10711111111111112 0.48865079365079367 0.2142111111111111 0.26259920634920636
1 0.43803333333333333 0.523888888888889 0.0944 0.30331349206349206
3 0.3358555555555555 0.5001388888888889 0.03447777777777778 0.24259920634920634
3 0.5330222222222223 0.49609126984126983 0.03066666666666667 0.24771825396825395
3 0.6645888888888889 0.4940674603174603 0.041944444444444444 0.23375
3 0.8687999999999999 0.5181746031746032 0.07713333333333333 0.203234126984127
1 0.8011666666666666 0.5735515873015873 0.037333333333333336 0.26376984126984127
3 0.7974666666666667 0.41232142857142856 0.03632222222222222 0.05734126984126984
2 0.37623333333333336 0.7213888888888889 0.12584444444444445 0.15890873015873017
2 0.8765000000000001 0.7361309523809524 0.1431777777777778 0.2101984126984127