0 0.495774011299435 0.5320662768031189 0.8463502824858757 0.7843469785575049
1 0.3893559322033898 0.5598245614035088 0.04404519774011299 0.14132553606237816
1 0.5317062146892655 0.802923976608187 0.016124293785310734 0.16294346978557506
3 0.23831638418079096 0.3194541910331384 0.02256497175141243 0.10243664717348927
3 0.22201129943502823 0.5298440545808967 0.0671638418079096 0.13335282651072125
3 0.21922033898305085 0.7850487329434698 0.07101694915254238 0.1337037037037037
3 0.323864406779661 0.7781091617933723 0.026067796610169492 0.13282651072124757
3 0.36824858757062146 0.7796686159844055 0.02632768361581921 0.13267056530214424
3 0.4126327683615819 0.7804873294346978 0.026576271186440677 0.13105263157894737
3 0.45675706214689266 0.5573879142300195 0.0187909604519774 0.14619883040935672
3 0.49575141242937854 0.5367836257309941 0.019548022598870056 0.10175438596491229
3 0.5316610169491526 0.5390058479532164 0.01792090395480226 0.10619883040935672
3 0.4680225988700565 0.36294346978557507 0.0168135593220339 0.030214424951267055
3 0.49759322033898307 0.36360623781676416 0.017581920903954804 0.0347953216374269
3 0.5719322033898305 0.7918518518518519 0.02125423728813559 0.14079922027290448
3 0.6064293785310735 0.7918518518518519 0.022451977401129943 0.14079922027290448
3 0.7225875706214689 0.7579727095516569 0.058915254237288134 0.06978557504873294
3 0.8859548022598871 0.7688304093567252 0.01464406779661017 0.0687524366471735
3 0.3475141242937853 0.21333333333333332 0.020485875706214688 0.05253411306042885