0 0.5306547619047619 0.42836309523809524 0.9387053571428571 0.6253422619047619
3 0.9245238095238095 0.5730357142857143 0.15095238095238095 0.2588988095238095
3 0.5064434523809523 0.32151785714285713 0.060967261904761906 0.1691517857142857
3 0.579047619047619 0.31918154761904766 0.049791666666666665 0.15553571428571428
3 0.6455059523809523 0.32233630952380954 0.050907738095238096 0.15736607142857142
3 0.7156696428571429 0.32075892857142857 0.05273809523809524 0.15645833333333334
3 0.7903125000000001 0.3234970238095238 0.06796130952380952 0.15300595238095238
3 0.580014880952381 0.5697470238095238 0.1656547619047619 0.15178571428571427
1 0.26563988095238095 0.5720238095238095 0.09988095238095239 0.21220238095238095
3 0.37194940476190474 0.5700446428571428 0.10251488095238095 0.20601190476190476
3 0.44508928571428574 0.5696130952380952 0.04653273809523809 0.20970238095238095
3 0.4111755952380952 0.33099702380952384 0.10748511904761905 0.15918154761904763