0 0.4484427284427284 0.5334536082474227 0.8945045045045045 0.6997422680412371
3 0.5605662805662806 0.3486941580756014 0.058648648648648646 0.11647766323024056
3 0.7043371943371943 0.38032646048109964 0.05626769626769627 0.11620274914089346
3 0.8204118404118405 0.3813230240549828 0.0483011583011583 0.07484536082474227
3 0.8194337194337195 0.47391752577319585 0.04633204633204633 0.0838659793814433
3 0.8301544401544401 0.5973024054982817 0.050463320463320464 0.0995704467353952
3 0.711016731016731 0.5349656357388316 0.05666666666666667 0.11929553264604813
3 0.5604633204633205 0.5090893470790379 0.06277992277992278 0.13689003436426117
3 0.4472329472329472 0.5134364261168385 0.059150579150579155 0.12823024054982818
3 0.44674388674388676 0.346786941580756 0.05815958815958815 0.138659793814433
3 0.3157142857142857 0.4025773195876289 0.044890604890604896 0.10582474226804124
3 0.30642213642213645 0.5546563573883162 0.06741312741312741 0.1009106529209622
3 0.2131917631917632 0.5776288659793815 0.0453925353925354 0.0890893470790378
3 0.21815958815958814 0.45778350515463917 0.05316602316602317 0.09780068728522337
3 0.14957528957528957 0.4911168384879725 0.056615186615186615 0.1124742268041237
3 0.14303732303732303 0.6006013745704467 0.05002574002574002 0.0772680412371134
3 0.0668082368082368 0.624020618556701 0.04037323037323037 0.07792096219931272
3 0.07866151866151866 0.5359450171821306 0.04027027027027027 0.08084192439862542
3 0.04851994851994852 0.7347422680412371 0.02974259974259974 0.07695876288659793
1 0.25231660231660236 0.7641408934707904 0.05873873873873874 0.11264604810996565
3 0.6429343629343629 0.7185738831615119 0.03115830115830116 0.1407044673539519
3 0.7228957528957529 0.7257731958762886 0.04682110682110682 0.132233676975945
3 0.8393822393822394 0.7466323024054983 0.045032175032175034 0.10537800687285223
3 0.9185714285714286 0.6260824742268041 0.020012870012870013 0.043848797250859106
3 0.9197425997425998 0.705171821305842 0.01990990990990991 0.0518384879725086
3 0.9511454311454312 0.6286769759450171 0.021570141570141574 0.032714776632302406