0 0.5728953771289538 0.3901449275362319 0.593029197080292 0.6942210144927536
0 0.2644647201946472 0.3960326086956522 0.1482603406326034 0.1526449275362319
2 0.704367396593674 0.7869384057971014 0.1853284671532847 0.19994565217391305
1 0.6637226277372263 0.6084963768115942 0.06374695863746958 0.15541666666666668
3 0.7871411192214112 0.2985144927536232 0.07968369829683698 0.10126811594202899
3 0.7651216545012165 0.5894927536231883 0.07744525547445255 0.11471014492753623
3 0.6129440389294404 0.3771376811594203 0.08762773722627737 0.10148550724637681
3 0.5738686131386862 0.595036231884058 0.07490267639902676 0.1257789855072464
3 0.41991484184914846 0.5872282608695651 0.08698296836982969 0.10202898550724637
3 0.41979318734793186 0.3640942028985507 0.09218978102189782 0.13496376811594202
3 0.2732481751824818 0.3907427536231884 0.014598540145985401 0.03269927536231884
3 0.3013138686131387 0.38849637681159416 0.015766423357664233 0.030615942028985505
3 0.30098540145985403 0.442536231884058 0.013491484184914842 0.023152173913043476
3 0.21554744525547445 0.39402173913043476 0.01394160583941606 0.0392572463768116