0 0.5361333333333334 0.48402962962962964 0.8749777777777777 0.8720296296296296
1 0.5482222222222223 0.7060888888888889 0.07828148148148148 0.16727407407407408
3 0.8045925925925926 0.6560888888888889 0.045703703703703705 0.06515555555555555
3 0.3491111111111111 0.6282518518518518 0.03718518518518519 0.08002962962962963
3 0.24986666666666665 0.43946666666666667 0.056829629629629626 0.0766962962962963
3 0.3512 0.3924148148148148 0.034948148148148145 0.08527407407407407
3 0.7676148148148147 0.38565925925925926 0.14494814814814816 0.11238518518518519
3 0.6433333333333333 0.15152592592592593 0.039688888888888885 0.05044444444444444
3 0.5512888888888889 0.1560888888888889 0.03522962962962963 0.05102222222222222
3 0.25394074074074074 0.23933333333333334 0.05644444444444445 0.08277037037037037
1 0.5736 0.4265777777777778 0.060592592592592594 0.1257925925925926
1 0.4326074074074074 0.1802962962962963 0.051896296296296295 0.09657777777777778