0 0.5 0.5519151515151515 1 0.7943636363636364
3 0.8433333333333334 0.40599999999999997 0.10998178506375228 0.13633939393939395
3 0.835719489981785 0.6604606060606061 0.10555555555555556 0.12797575757575758
3 0.6145719489981785 0.3999636363636364 0.10950819672131147 0.12665454545454544
3 0.6135883424408015 0.6530666666666667 0.11473588342440802 0.12753939393939392
3 0.45466302367941713 0.42672727272727273 0.05963570127504554 0.12751515151515153
3 0.20340619307832422 0.41976969696969696 0.06816029143897996 0.13273939393939393
3 0.05080145719489982 0.30967272727272727 0.03642987249544627 0.13528484848484848
3 0.11770491803278689 0.36807272727272733 0.03347905282331512 0.12513939393939394
1 0.31848816029143895 0.6779757575757577 0.20112932604735884 0.17975757575757578
1 0.3262659380692168 0.42773333333333335 0.162695810564663 0.15585454545454547
3 0.7557377049180327 0.8607151515151515 0.2622768670309654 0.11895757575757576