0 0.5 0.48791666666666667 1 0.975814393939394
1 0.040571095571095575 0.8275568181818181 0.036142191142191145 0.15456439393939395
3 0.10898601398601399 0.7906628787878789 0.03515151515151515 0.08615530303030304
3 0.18404428904428904 0.5228409090909091 0.02088578088578089 0.11176136363636363
3 0.3094405594405594 0.6152462121212121 0.06743589743589744 0.14274621212121213
3 0.31136363636363634 0.771780303030303 0.05301864801864802 0.12392045454545456
3 0.18506993006993006 0.8909090909090909 0.027902097902097904 0.08428030303030302
3 0.4495920745920746 0.5482765151515152 0.07543123543123544 0.14914772727272727
3 0.45586247086247084 0.8069507575757575 0.07799533799533799 0.21049242424242423
3 0.5891025641025641 0.7944507575757577 0.07715617715617716 0.19626893939393938
3 0.5815617715617716 0.5516666666666666 0.062062937062937064 0.14240530303030302
3 0.7175641025641025 0.5460795454545454 0.028543123543123543 0.10696969696969696
3 0.8305827505827506 0.5575568181818181 0.03796037296037296 0.10856060606060607
3 0.9513519813519813 0.5632575757575757 0.038286713286713285 0.12022727272727272
3 0.9574242424242425 0.7567613636363636 0.053298368298368294 0.14515151515151514
3 0.8346736596736597 0.7615909090909091 0.06184149184149185 0.1575378787878788
1 0.7293123543123543 0.7842045454545454 0.1035081585081585 0.25943181818181815