0 0.5358850574712644 0.504616858237548 0.8589310344827586 0.7278735632183908
3 0.4231034482758621 0.7065134099616859 0.02224137931034483 0.16741379310344828
1 0.4607586206896552 0.7221839080459771 0.049666666666666665 0.21151340996168583
1 0.8778045977011495 0.7215325670498084 0.02360919540229885 0.20703065134099616
3 0.19679310344827586 0.39287356321839084 0.025574712643678162 0.12444444444444443
3 0.28186206896551724 0.38352490421455937 0.01564367816091954 0.13444444444444445
3 0.20044827586206895 0.689176245210728 0.025229885057471264 0.12955938697318006
3 0.2879655172413793 0.6883716475095785 0.027827586206896553 0.13114942528735632
3 0.5143103448275862 0.6998467432950192 0.02267816091954023 0.16045977011494253
3 0.5921609195402299 0.7110153256704981 0.028942528735632182 0.1700191570881226
3 0.6714367816091954 0.7041954022988506 0.03233333333333333 0.16915708812260535
3 0.8317011494252874 0.6899808429118774 0.03396551724137931 0.12795019157088125
3 0.36554022988505747 0.2729310344827586 0.015597701149425288 0.054942528735632185
3 0.3952528735632184 0.28174329501915707 0.016839080459770114 0.055459770114942526
3 0.42216091954022983 0.288544061302682 0.015908045977011495 0.05480842911877395