0 0.49176969696969697 0.4412750455373406 0.9835393939393939 0.8825500910746812
3 0.6082545454545455 0.25668488160291436 0.038909090909090914 0.14214936247723134
3 0.4958787878787879 0.30191256830601093 0.030775757575757578 0.13918032786885245
3 0.39950303030303025 0.33992714025500914 0.028303030303030306 0.12744990892531877
3 0.25855757575757576 0.36 0.03276363636363636 0.07701275045537341
1 0.4783151515151515 0.6338979963570127 0.052181818181818176 0.23413479052823313
1 0.3798060606060606 0.6475956284153005 0.04543030303030303 0.224735883424408
3 0.1111878787878788 0.7118032786885246 0.02031515151515152 0.11663023679417123
1 0.13978181818181817 0.6938615664845174 0.028812121212121213 0.17289617486338799
3 0.10407272727272728 0.5987249544626594 0.021442424242424245 0.09304189435336976
3 0.1258181818181818 0.577377049180328 0.012193939393939394 0.055992714025500906
3 0.14603636363636363 0.5719672131147541 0.011175757575757577 0.056520947176684884
3 0.17227878787878786 0.5880510018214936 0.020327272727272725 0.08867030965391622
3 0.1996363636363636 0.5818761384335155 0.02041212121212121 0.09329690346083788
3 0.18458181818181818 0.6936429872495447 0.04288484848484849 0.11360655737704918