0 0.5 0.5903703703703704 1 0.8192592592592592
1 0.5087619047619047 0.8374259259259259 0.0405 0.2184074074074074
1 0.5475714285714286 0.47537037037037033 0.057773809523809526 0.13103703703703704
3 0.5643928571428571 0.8025555555555556 0.035976190476190474 0.16135185185185183
3 0.7125 0.8007592592592593 0.028845238095238097 0.1603148148148148
3 0.7811309523809523 0.4778518518518519 0.0324047619047619 0.15374074074074073
3 0.6982261904761905 0.46585185185185185 0.02477380952380952 0.15005555555555555
3 0.6163928571428571 0.46994444444444444 0.0698452380952381 0.13035185185185186
3 0.8559285714285715 0.5089814814814815 0.022166666666666668 0.1398888888888889
3 0.388452380952381 0.4777407407407408 0.07060714285714285 0.10785185185185185
3 0.4693690476190476 0.831537037037037 0.03183333333333333 0.21172222222222223
3 0.1715 0.8067037037037037 0.08352380952380951 0.1645740740740741
3 0.9421190476190476 0.8337407407407408 0.03413095238095238 0.19716666666666666