0 0.5 0.40475409836065573 1 0.600455373406193
3 0.4889454545454545 0.5608378870673952 0.01126060606060606 0.15877959927140256
1 0.521430303030303 0.5692531876138434 0.040460606060606065 0.17280510018214937
3 0.9075636363636364 0.5379234972677596 0.09873939393939393 0.12998178506375227
3 0.46989090909090914 0.2860837887067395 0.13327272727272726 0.15
3 0.5779515151515151 0.5302732240437159 0.05928484848484848 0.11183970856102003
3 0.683309090909091 0.5143897996357012 0.042072727272727276 0.09987249544626593
3 0.4671030303030303 0.5526593806921676 0.02410909090909091 0.19056466302367941
3 0.3691515151515152 0.5067941712204007 0.06932121212121212 0.10734061930783242
3 0.23821818181818183 0.3185792349726776 0.06745454545454545 0.1159016393442623
3 0.20624242424242425 0.5219854280510018 0.05435151515151516 0.09240437158469945
3 0.052787878787878786 0.537231329690346 0.016133333333333333 0.08
3 0.09637575757575759 0.4344990892531876 0.022812121212121214 0.056010928961748634