0 0.4792822384428224 0.5821920289855073 0.6732360097323601 0.7423550724637681
1 0.6881265206812652 0.7518478260869564 0.023175182481751825 0.11829710144927535
1 0.6835644768856447 0.5331521739130435 0.017992700729927005 0.11134057971014492
3 0.19293187347931873 0.5157789855072463 0.0340389294403893 0.06090579710144927
3 0.1918126520681265 0.6885688405797101 0.03732360097323601 0.059112318840579714
3 0.29338199513381996 0.511195652173913 0.018284671532846714 0.07327898550724639
3 0.24811435523114353 0.6823188405797102 0.0122992700729927 0.02903985507246377
3 0.2919586374695864 0.7093297101449275 0.019355231143552313 0.0654891304347826
3 0.23641119221411194 0.49974637681159423 0.012469586374695864 0.02697463768115942
3 0.3404866180048662 0.4542934782608696 0.025961070559610704 0.0619927536231884
3 0.3868248175182482 0.3335326086956522 0.026228710462287103 0.06934782608695653
3 0.38652068126520683 0.5612318840579711 0.01970802919708029 0.07965579710144928
3 0.3412043795620438 0.6499818840579711 0.01559610705596107 0.06976449275362319
3 0.4714720194647202 0.4845108695652174 0.0589294403892944 0.08672101449275361
3 0.47580291970802924 0.6795289855072464 0.06456204379562044 0.08786231884057971
3 0.6207299270072992 0.4813768115942029 0.014233576642335766 0.09565217391304347
3 0.6185401459854014 0.6747282608695652 0.027554744525547445 0.08413043478260869