0 0.4460875706214689 0.35931972789115646 0.6175423728813559 0.6890702947845805
1 0.6397598870056497 0.6029478458049886 0.024491525423728813 0.12056689342403629
3 0.5507768361581921 0.5400907029478458 0.06134180790960452 0.10786848072562358
3 0.5521610169491525 0.3251473922902494 0.02096045197740113 0.10997732426303855
3 0.5966101694915253 0.3371655328798186 0.01672316384180791 0.10356009070294785
3 0.5678813559322033 0.14285714285714285 0.016186440677966103 0.09707482993197279
3 0.6023305084745763 0.15122448979591835 0.017824858757062145 0.10551020408163266
3 0.36048022598870055 0.30004535147392286 0.06879943502824859 0.11238095238095239
3 0.2573870056497175 0.3124263038548753 0.03509887005649718 0.11777777777777777
3 0.3580508474576271 0.5324036281179139 0.06738700564971752 0.12575963718820862
3 0.1937994350282486 0.34294784580498866 0.02348870056497175 0.10682539682539682
3 0.20850282485875707 0.540453514739229 0.06151129943502825 0.11693877551020408
1 0.43980225988700566 0.3114965986394558 0.0394632768361582 0.09927437641723356
1 0.4335310734463277 0.5382539682539683 0.04416666666666667 0.12637188208616779