0 0.41439241917502784 0.5 0.8287959866220735 1
1 0.32483835005574135 0.7799404761904761 0.05319955406911928 0.27482142857142855
3 0.4103121516164995 0.721031746031746 0.09696767001114828 0.1334920634920635
3 0.5817948717948718 0.7289880952380953 0.07983277591973244 0.15232142857142855
3 0.6830769230769231 0.7258531746031746 0.02141583054626533 0.10783730158730159
3 0.615685618729097 0.35101190476190475 0.027045707915273134 0.18426587301587302
3 0.41819397993311036 0.3283134920634921 0.09620958751393534 0.10946428571428572
3 0.40817168338907467 0.44668650793650794 0.06220735785953177 0.09446428571428571
3 0.1329654403567447 0.3370039682539682 0.09231884057971015 0.13565476190476192
1 0.24036789297658864 0.35462301587301587 0.04118171683389074 0.24732142857142858
3 0.25178372352285394 0.7148611111111112 0.04147157190635452 0.15654761904761905
3 0.10298773690078038 0.7198611111111111 0.09231884057971015 0.16293650793650793
3 0.3019620958751394 0.06986111111111111 0.034280936454849496 0.09307539682539683