0 0.5036541666666666 0.5443465227817746 0.7663416666666667 0.8671762589928058
2 0.8935000000000001 0.8406534772182255 0.045795833333333334 0.08587529976019186
1 0.048362499999999996 0.8086270983213429 0.029854166666666668 0.06426858513189448
1 0.10059166666666666 0.806732613908873 0.014683333333333335 0.053237410071942444
3 0.1887625 0.6472601918465228 0.013470833333333333 0.06766786570743405
3 0.2971666666666667 0.8077338129496403 0.06909583333333334 0.1385851318944844
3 0.16695416666666665 0.7964628297362111 0.010154166666666667 0.06893285371702638
3 0.6704541666666667 0.5688609112709833 0.02642083333333333 0.12359712230215827
3 0.5034833333333333 0.8076019184652278 0.025483333333333334 0.1173021582733813
3 0.605925 0.796978417266187 0.018016666666666667 0.07754196642685851
3 0.7342875 0.8001858513189448 0.031825 0.1047841726618705
3 0.7297208333333333 0.6005815347721822 0.030729166666666665 0.06435851318944844
3 0.7746541666666666 0.6334532374100719 0.009591666666666667 0.07223621103117506
1 0.6628875000000001 0.8099640287769784 0.032779166666666665 0.15043764988009592
3 0.7758583333333333 0.8179556354916067 0.012704166666666666 0.1032673860911271
1 0.7983583333333333 0.8234352517985611 0.01315 0.07668465227817746