0 0.19548333333333334 0.43859583333333335 0.3909666666666667 0.5851791666666667
0 0.5102083333333334 0.4178916666666667 0.3776305555555556 0.5937708333333334
0 0.8396416666666667 0.4091416666666667 0.32071388888888885 0.5693166666666666
3 0.9073916666666667 0.5044916666666667 0.06694166666666666 0.11493750000000001
3 0.5674138888888889 0.5074791666666667 0.056105555555555554 0.10896249999999999
3 0.5063 0.5052541666666667 0.05813888888888889 0.1069
3 0.50485 0.5932291666666667 0.05524166666666667 0.043875
3 0.5680305555555556 0.5944791666666667 0.046186111111111115 0.039204166666666665
1 0.11624722222222222 0.5386166666666667 0.054786111111111105 0.17790833333333333
3 0.18040555555555557 0.5103916666666667 0.060441666666666664 0.1115875
3 0.23958888888888888 0.5134416666666667 0.05348888888888889 0.10736250000000001
1 0.7825416666666667 0.5168874999999999 0.046808333333333334 0.18456666666666666
1 0.44432777777777777 0.5302708333333334 0.05319444444444445 0.18627083333333333