0 0.3386927083333333 0.495462962962963 0.3975234375 0.7683194444444444
0 0.6944583333333333 0.47125925925925927 0.527625 0.8155925925925926
3 0.30685416666666665 0.3693148148148148 0.03053125 0.06613425925925925
3 0.370640625 0.3620231481481482 0.022710937499999997 0.06889814814814814
3 0.3610208333333333 0.673537037037037 0.13398177083333335 0.05872685185185185
3 0.3605494791666667 0.7615416666666667 0.12938020833333333 0.06993055555555557
3 0.6853541666666667 0.7179768518518518 0.0940390625 0.14326851851851852
3 0.7737317708333333 0.7091527777777777 0.022622395833333333 0.1451435185185185
3 0.8104609375 0.6656064814814815 0.01679947916666667 0.0450324074074074
3 0.9007005208333333 0.7046712962962962 0.030171875 0.13400925925925924
3 0.7746536458333334 0.38911574074074073 0.018372395833333333 0.14043055555555556
1 0.46461458333333333 0.4049861111111111 0.02559895833333333 0.1554675925925926
1 0.6647109375 0.4003009259259259 0.04529947916666666 0.18506944444444445
1 0.46821093750000004 0.7315555555555556 0.031221354166666666 0.18785648148148149
3 0.5764401041666667 0.18747222222222223 0.023669270833333332 0.026467592592592595
3 0.5772395833333334 0.3466111111111111 0.0206796875 0.03197222222222222
3 0.5769270833333333 0.5013009259259259 0.022695312500000002 0.03154166666666666
3 0.5764401041666667 0.6559907407407408 0.023669270833333332 0.03606018518518519
3 0.5790494791666667 0.8101851851851852 0.021236979166666666 0.03167592592592593