0 0.47949404761904757 0.593570300157978 0.8492261904761905 0.8128593996840442
1 0.5913928571428572 0.6724881516587677 0.03366666666666667 0.12977093206951026
3 0.4505952380952381 0.4068483412322275 0.085 0.1003001579778831
3 0.5441428571428572 0.4190679304897314 0.02783333333333333 0.09112954186413902
3 0.7025357142857143 0.4609162717219589 0.05150595238095238 0.08598736176935229
3 0.7015892857142858 0.656129541864139 0.05504166666666667 0.07303317535545023
3 0.5226011904761905 0.6552527646129541 0.028166666666666666 0.08569510268562401
3 0.4274047619047619 0.6555766192733018 0.08204166666666668 0.0959478672985782
3 0.2828333333333333 0.6574881516587677 0.03895833333333334 0.08776461295418642
3 0.28369642857142857 0.41972353870458134 0.038875 0.08763823064770933
3 0.15996428571428573 0.4717219589257504 0.024821428571428574 0.06437598736176935
3 0.15799404761904762 0.6508372827804108 0.035345238095238096 0.07925750394944708
3 0.10354761904761905 0.6544944707740916 0.024166666666666666 0.06976303317535544
3 0.09586309523809525 0.8275750394944708 0.03954761904761905 0.0485781990521327
3 0.16230952380952382 0.857962085308057 0.03493452380952381 0.04453396524486572