0 0.21542 0.5540745192307692 0.4014433333333333 0.366875
0 0.56177 0.5795492788461538 0.34443666666666667 0.25899639423076926
0 0.7460066666666667 0.6010216346153846 0.17522666666666664 0.15280649038461538
3 0.7726733333333333 0.6194290865384615 0.025376666666666665 0.049453125
3 0.6287133333333333 0.6093389423076924 0.04401666666666667 0.06963341346153847
3 0.5677733333333334 0.6082091346153846 0.046919999999999996 0.06907451923076922
3 0.4572633333333333 0.6047836538461538 0.027286666666666667 0.07262019230769232
3 0.16777333333333333 0.5859615384615384 0.08830333333333334 0.09780649038461539
3 0.27923333333333333 0.5884254807692307 0.07466333333333333 0.0894110576923077
1 0.061276666666666674 0.6206069711538462 0.06224666666666667 0.18423677884615383
1 0.36677 0.6241586538461538 0.05223666666666667 0.1494471153846154
1 0.5022933333333334 0.6296935096153846 0.03381666666666667 0.12728365384615387
1 0.6826166666666666 0.6323317307692308 0.022616666666666663 0.10469951923076923