0 0.5 0.49850294985250737 1 0.9818879056047198
1 0.03791723510686675 0.8147197640117994 0.03743974533879036 0.20724188790560472
1 0.7263847203274215 0.7956784660766962 0.097412460209186 0.23995575221238938
3 0.449449749886312 0.5385619469026548 0.06924056389267849 0.15640117994100297
3 0.5813233287858117 0.5496238938053097 0.06013642564802183 0.13427728613569323
3 0.7124101864483856 0.5458038348082596 0.029449749886311962 0.11778761061946903
3 0.8295679854479309 0.5529793510324484 0.038208276489313325 0.11148230088495574
3 0.9495770804911323 0.5586061946902655 0.036293769895407 0.11094395280235989
3 0.9446157344247386 0.7529867256637168 0.08094133697135061 0.14573008849557523
3 0.8338244656662119 0.7592256637168141 0.05945429740791269 0.14934365781710915
3 0.5886812187357889 0.7948820058997049 0.07849022282855843 0.1852581120943953
3 0.45470213733515236 0.8013126843657816 0.0736243747157799 0.20992625368731566
3 0.3088130968622101 0.6098156342182891 0.06445657116871306 0.14256637168141592
3 0.31348340154615734 0.7715560471976401 0.05015461573442474 0.1327212389380531
3 0.18326512050932242 0.5244911504424778 0.02618462937698954 0.10948377581120945
3 0.10906321055025012 0.7893952802359883 0.03239199636198272 0.09168879056047198
3 0.18367894497498866 0.8934218289085546 0.027012278308321962 0.0873598820058997
3 0.0729331514324693 0.6517182890855457 0.02197817189631651 0.03463126843657817