0 0.47769999999999996 0.5830671414038657 0.9262800000000001 0.6231536113936927
1 0.5714133333333333 0.6029755849440489 0.04277666666666667 0.24035096642929804
3 0.19954333333333332 0.5638606307222788 0.06646333333333333 0.1737080366225839
3 0.4716033333333333 0.5506866734486267 0.05590666666666667 0.17634791454730417
3 0.67938 0.5636673448626653 0.028866666666666665 0.12404883011190233
3 0.72743 0.568677517802645 0.024286666666666668 0.0903204476093591
3 0.8028033333333333 0.5674923702950153 0.011676666666666667 0.07952187182095626
3 0.8236133333333334 0.5768463886063072 0.0115 0.06344862665310275
3 0.8617766666666666 0.574145473041709 0.02324 0.06094608341810783
3 0.6221966666666666 0.5610325534079349 0.04902333333333333 0.11221261444557477
1 0.7671333333333333 0.6018769074262462 0.030786666666666667 0.13149542217700916