0 0.07756363636363636 0.5362135922330097 0.15513333333333335 0.4603721682847896
0 0.5064121212121212 0.43907766990291264 0.8598484848484849 0.8781553398058253
0 0.8527939393939393 0.4685517799352751 0.29441818181818186 0.5192313915857605
1 0.07156363636363636 0.69084142394822 0.029212121212121214 0.15016990291262136
1 0.7622484848484848 0.6843527508090615 0.07116363636363636 0.19203883495145632
1 0.8876545454545455 0.6740129449838188 0.02018181818181818 0.12908576051779935
3 0.8327030303030303 0.6607362459546925 0.03695151515151515 0.11495954692556634
3 0.9101818181818182 0.6575728155339806 0.024242424242424242 0.09868932038834952
3 0.8992606060606061 0.5293446601941747 0.017303030303030303 0.063584142394822
3 0.8295272727272728 0.5100161812297734 0.021284848484848483 0.07964401294498381
3 0.7509454545454545 0.4941909385113269 0.02433939393939394 0.0977346278317152
3 0.6401393939393939 0.47949838187702265 0.05796363636363636 0.11808252427184465
3 0.5036 0.44502427184466015 0.07364242424242425 0.12374595469255663
3 0.5104969696969698 0.6909061488673139 0.08185454545454546 0.19022653721682847
3 0.649921212121212 0.6828802588996763 0.07735757575757576 0.15428802588996762
3 0.3265212121212121 0.6626051779935275 0.06600606060606061 0.13949838187702265
3 0.19273333333333334 0.4609708737864078 0.021981818181818182 0.08848705501618123
3 0.12342424242424242 0.6786003236245954 0.026812121212121214 0.07360032362459547
3 0.1856181818181818 0.7623543689320388 0.02266060606060606 0.06203883495145632
3 0.771539393939394 0.31647249190938515 0.026733333333333335 0.05961974110032362
3 0.9524484848484849 0.3156310679611651 0.01826060606060606 0.07024271844660193
3 0.9536181818181818 0.4557281553398058 0.02429090909090909 0.08728964401294498