0 0.7499822380106572 0.5476445846477391 0.5000355239786856 0.6773080967402734
0 0.3213143872113677 0.561608832807571 0.5428359976317347 0.5285173501577287
3 0.13124333925399645 0.4443638275499474 0.04034339846062759 0.09028391167192429
3 0.17549437537004145 0.41725552050473186 0.03868561278863233 0.1292744479495268
3 0.21931320307874483 0.4250788643533123 0.04155713439905269 0.11146161934805468
3 0.2587862640615749 0.4585383806519453 0.02497927767910006 0.04455310199789695
3 0.12577264653641207 0.6643217665615142 0.041503848431024275 0.14547844374342797
3 0.1254647720544701 0.5586645636172449 0.04089402013025458 0.04407991587802314
3 0.19830076968620486 0.6675814931650894 0.08969212551805802 0.15198738170347004
3 0.19891651865008883 0.558117770767613 0.0909117821195974 0.04299684542586751
3 0.26716400236826526 0.6672555205047318 0.03635879218472469 0.1656782334384858
3 0.2699822380106572 0.5570872765509989 0.03928952042628774 0.03854889589905362
3 0.37266429840142096 0.646614090431125 0.04552397868561279 0.19608832807570978
3 0.9653108348134991 0.6017350157728707 0.012652457075192422 0.11677181913774973
3 0.98149792776791 0.6051314405888538 0.011107164002368266 0.09465825446898002
3 0.9947542924807579 0.6010830704521556 0.01049733570159858 0.09619348054679286
3 0.7502841918294849 0.5667613038906414 0.05187685020722321 0.04442691903259727
3 0.8323327412670218 0.6724500525762356 0.09120189461219656 0.1570347003154574
3 0.831255180580225 0.5635331230283911 0.09705743043220841 0.05088328075709779
3 0.9144819419775014 0.5645215562565721 0.058827708703374774 0.042344900105152475
3 0.9137122557726465 0.6622712933753944 0.05050917702782712 0.1270452155625657
3 0.7512374185908821 0.6831756046267088 0.05242747187685021 0.1640378548895899
1 0.6736234458259325 0.6531756046267087 0.07080521018354057 0.2437434279705573
1 0.5331675547661338 0.6317139852786541 0.0338721136767318 0.17728706624605678